<?xml version="1.0" encoding="UTF-8"?>
<!DOCTYPE svg PUBLIC "-//W3C//DTD SVG 1.1//EN" "http://www.w3.org/Graphics/SVG/1.1/DTD/svg11.dtd">
<!-- Creator: CorelDRAW (Not for commercial use) -->
<svg xmlns="http://www.w3.org/2000/svg" xml:space="preserve" width="215.9mm" height="279.4mm" version="1.1" style="shape-rendering:geometricPrecision; text-rendering:geometricPrecision; image-rendering:optimizeQuality; fill-rule:evenodd; clip-rule:evenodd"
viewBox="0 0 21590 27940"
 xmlns:xlink="http://www.w3.org/1999/xlink"
 xmlns:xodm="http://www.corel.com/coreldraw/odm/2003">
 <defs>
  <style type="text/css">
   <![CDATA[
    .fil1 {fill:black}
    .fil0 {fill:white}
   ]]>
  </style>
 </defs>
 <g id="Layer_x0020_1">
  <metadata id="CorelCorpID_0Corel-Layer"/>
  <path class="fil0" d="M17262.31 23523.22l1085.77 -1077.96c217.11,88.33 573.67,618.57 847.91,777.36l936.88 -378.99c75.29,-207.06 32.38,-877.66 33.82,-1139.24 210.3,-61.81 1284.58,-23.07 1585.63,-23.07 1.15,255.41 -63.86,1082.54 76.44,1190.69 33.52,25.84 840.89,345.63 895.01,349.9l805.62 -779.16c184.33,87.76 881.94,885.06 1125.92,1085.2 -155.23,247.87 -662.77,578.65 -781.77,847.09 11.37,114.02 341.56,881.92 402.45,951.57l1113.41 19.92 21.11 1581.98c-234.76,7.28 -1060.14,-58.78 -1171.47,56.35 -31.58,32.65 -360.49,861.98 -365.5,917.96 126.38,214.63 596.22,614.64 780.91,808.95l-1112.93 1128.81c-1120.2,-1073.36 -504.24,-845.81 -1539,-510.03 -16.04,5.2 -123.57,43.15 -129.38,46.58 -226.45,133.63 -112.44,643.66 -121.82,1211.38 -312.51,0 -1355.85,38.79 -1583.49,-20.2 -4.3,-273.7 41.81,-916.29 -33.09,-1137.95 -77.21,-48.83 -850.87,-369.23 -938.75,-377.34 -269.91,117.57 -599.41,628.85 -845.09,779.47 -192.09,-218.52 -1007.63,-956.06 -1087.16,-1124.59l789.69 -794.8c-14.84,-61.39 -339.19,-877.03 -360.71,-904.98 -108.67,-141.13 -935.06,-76.26 -1190.16,-77.18 0,-305 -39.59,-1370.4 22.49,-1586.35 1355.29,8.28 1110.76,75.2 1293.2,-408.44 56.3,-149.26 244.49,-463.38 208.18,-582.63 -47.08,-154.62 -683.13,-629.96 -764.12,-830.3zm-1401.63 -7006.35c-1432.18,137.88 -2692.27,737.41 -3532.95,1872.62 -88.78,119.88 -171.2,222.32 -250.2,349.02 -574.3,921.09 -754.54,1752.06 -754.22,2884.87l0.01 7196.66c0,763.64 -45.7,1681.99 13.26,2426.94 61.09,771.97 210.73,1263.27 513.31,1882.86 254.63,521.42 687.6,1074.38 1026.32,1374.03 1045.88,925.26 2119.85,1271.84 3568.12,1271.48l7196.66 0c1575.52,0 2915.33,185.17 4308.95,-527.33 1070.22,-547.17 1842.86,-1383.19 2299.62,-2502.28 270.37,-662.41 346.61,-1298.72 346.45,-2091.26l0 -7196.66c0,-1653.31 187.55,-2854.87 -526.02,-4309.36 -834.71,-1701.41 -2493.14,-2646.12 -4594.56,-2645.52 -865.16,0.24 -8994.06,-45.82 -9614.75,13.93z"/>
  <path class="fil1" d="M20622.43 24473.28c1029.76,-175.98 1826.95,463.53 2005.79,1307.33 219.62,1036.2 -481.03,1839.4 -1311.82,2026.37 -1017.85,229.07 -1858.21,-510.02 -2025.09,-1307.73 -212.72,-1016.79 502.11,-1884.29 1331.12,-2025.97zm-3360.12 -950.06c80.99,200.34 717.04,675.68 764.12,830.3 36.31,119.25 -151.88,433.37 -208.18,582.63 -182.44,483.64 62.09,416.72 -1293.2,408.44 -62.08,215.95 -22.49,1281.35 -22.49,1586.35 255.1,0.92 1081.49,-63.95 1190.16,77.18 21.52,27.95 345.87,843.59 360.71,904.98l-789.69 794.8c79.53,168.53 895.07,906.07 1087.16,1124.59 245.68,-150.62 575.18,-661.9 845.09,-779.47 87.88,8.11 861.54,328.51 938.75,377.34 74.9,221.66 28.79,864.25 33.09,1137.95 227.64,58.99 1270.98,20.2 1583.49,20.2 9.38,-567.72 -104.63,-1077.75 121.82,-1211.38 5.81,-3.43 113.34,-41.38 129.38,-46.58 1034.76,-335.78 418.8,-563.33 1539,510.03l1112.93 -1128.81c-184.69,-194.31 -654.53,-594.32 -780.91,-808.95 5.01,-55.98 333.92,-885.31 365.5,-917.96 111.33,-115.13 936.71,-49.07 1171.47,-56.35l-21.11 -1581.98 -1113.41 -19.92c-60.89,-69.65 -391.08,-837.55 -402.45,-951.57 119,-268.44 626.54,-599.22 781.77,-847.09 -243.98,-200.14 -941.59,-997.44 -1125.92,-1085.2l-805.62 779.16c-54.12,-4.27 -861.49,-324.06 -895.01,-349.9 -140.3,-108.15 -75.29,-935.28 -76.44,-1190.69 -301.05,0 -1375.33,-38.74 -1585.63,23.07 -1.44,261.58 41.47,932.18 -33.82,1139.24l-936.88 378.99c-274.24,-158.79 -630.8,-689.03 -847.91,-777.36l-1085.77 1077.96z"/>
  <path class="fil0" d="M20622.43 24473.28c-829.01,141.68 -1543.84,1009.18 -1331.12,2025.97 166.88,797.71 1007.24,1536.8 2025.09,1307.73 830.79,-186.97 1531.44,-990.17 1311.82,-2026.37 -178.84,-843.8 -976.03,-1483.31 -2005.79,-1307.33z"/>
 </g>
</svg>
